# $FabBSD$
#
# ISO 262 metric ("M" series) screw threads.
#

# Dia.	Pitch (coarse)	Pitch (fine)

1	0.25
1.2	0.25
1.4	0.3
1.6 	0.35
1.8 	0.35 
2 	0.4 
2.5 	0.45
3 	0.5
3.5	0.6
4 	0.7
5 	0.8
6 	1		0.75
7	1
8 	1.25
10 	1.5		1.25|1
12 	1.75 		1|1.5|1.25 
14	2		1.5 			
16 	2		1.5 
18	2.5 		2|1.5 			
20 	2.5 		2|1.5
22	2.5 		2|1.5 			
24 	3 		2
27 	3 		2 			
30 	3.5 		2
33 	3.5 		2 			
36 	4 		3
39 	4 		3 			
42 	4.5 		3 			
45 	4.5 		3 			
48 	5 		3 			
52 	5 		4 			
56 	5.5 		4 			
60 	5.5 		4 			
64 	6 		4

